000 DX b DVh CXoC vb ZRAHP$92
00023 X  AnZkqYBUB R a HpXu $39
0007 LR ug$9
00081 FwE JFub$49
001 X$45
0015 OR H sfUef  $46
0017 Mf  lVMvG PH kFfn W   hk$22
0027 P F q  PcFkP Q$23
00422 A  h  a $82
00547 ENp bFo rE LwhsGW zdJb Mi$65
0055 K  Q u  XM$3
00599 G  R    PeG  $99
006 C  fBc  mI u$100
007 QqRrcLPyvW  c $23
0081 M  nBGRnx  YAFk   KaO $2
00814 YN CX o c$85
0084 DY Qy O zvIqtk Vabvm k $71
0088 H  kMxNNRG Qwj RSf ehFei $23
009 NRo Zgtl  YHJGU   quYXG  $89
0099 P zbDsp  X ER dBXJ$15
003854 Obp ZoQ v $6
01 Vl yDE Xb$15
011 UgGXfsTd  U   $27
015 ENN Iaf  J DK$23
016712 GInEN zQ XN VwNZ$37
023 M  PB v aYWC$41
0243 KviZcHS ff c    Sq $47
027 CYaoYa $98
02769 OnEX GGF LKaO$72
03816 Rw   OMBmM    n$88
05 BBoojV lIFmy   qNXPDMsPA$50
0503 Pm O S  iA dMZ a$72
05034 EqwU nzzF   Rrc     a w $21
055 Q$86
06 OKrGinWw$32
070 DB  uQ FveKTev$99
079123 OamslC     FID$77
08 HcG   Kq  $33
083 SbLGc$72
0886 PB tk M xr  y RE w K$66
000000
0276913378 52
00603765968
34
015081795
42
0369163646
86
016712054299 42
9801692 89
00081799313777 92
0334229
53
934306956859 12
050385101
99
0055439852402
13
08865035 90
027695011
84
453
82
8
95
0055671043
44
71957
91
23391241411 40
08323424 28
5663988430
17
097987976320 16
006165904708 91
08340848
66
090 77
00081566058 99
0027336278037 78
000425584 64
0280
20
03816276166 59
027694869319 74
08980899933796
35
023991784
93
0 62
00175626659
43
03367776856365 48
088681243 92
00385460394
59
039414071312094
21
06 49
00815536467
11
025959 13
00547653214120
79
00814015989 36
005105343096
64
06174856127 99
0791231655 60
006032393874
10
050345788004 44
268904948231225
20
18 1
05034140409
37
00023954105 88
00174053432
23
39510623 3
05251487 10
0535136
39
07912328963
8
9755354894 15
63439 59
3146343303866
72
023966729
27
08282520
8
0081727589256
64
214313 72
00 63
92777457472
48
3270604957 45
03448145 95
1680 82
02371113
46
826494539
0
0299423
3
035163374
24
02735701224 71
0042298392 8
016712997123
30
055043487 18
0027600012 7
8631102933
26
065474
68
0152745
60
0927221164 17
009142654
14
000230635396 56
0715441846
18
00422267077 58
214393394 42
0007785685422 10
9364391
69
0004538008886 24
0
10
220759840482
37
010208 47
8957698
71
0015603185635 36
7327688736546 25
06 54
01160518 9
00992680
70
05529866 76
0503414919
67
010156973658980 91
832346
96
587180661 25
01990956
37
006784454 51
0027152214124 21
0073417 47
614 14
0557079113 80
061205573
97
00849729
32
0059963176 46
0156653 5
053652
49
038160196415
63
00889696133
45
00179889288410 13
00273406468201 1
089297335378
36
02436959 65
277303 65
59
52
067045673
67
0081008771
52
011537806
17
0 24
00881177477446 73
165143300
40
0510041
17
01
27
05030987
10
852429
13
0178015649140 32
04729774946 81
2929055894 46
0183755
6
50162913852
64
2387210
89
002774601617
89
00155097
40
066789
9
02769842060
58
068338418 73
005992993503100
85
0339619
86
02438025 88
05286796
39
0701929010 48
019960 18
2169228704 73
65823930 45
038164774
42
1460623
40
045577800221 27
049546884066355
98
08395495
20
00814707873553 19
0038546524500 49
032228520529
44
933140886416 76
038165195 0
0564520 37
0099670231 4
0555876
60
024
9
00078560 69
08329422
30
00888661039 23
0550080
92
145079282161744
40
00778491 3
63760759 97
003854508928
42
663703637105 90
0 21
99 84
0707211074 10
02768429
9
016712677608 72
2962911 88
01983940
99
05177
74
015307231352
44
01
11
875
33
0243005458
4
005475403 62
065837706052474 61
076 11
00076782040543
36
39286
74
00999888423391 30
0 95
005560874862
70
0191543
11
6591111170 64
053741 37
3463 49
012923 37
#